110940491
110942174
110943077
110945733
110947238
110948355
110948506
110949144
110950107
110950474
110951364
110953135
110953477
110954869
110956664
110963329
110966388
110995887
110998344
111000892
111001459
111002985
111003772
111024059
111024832
111026991
111029520
111032051
111040620
111046177
111051554
111054704
111055871
111059440
111060397
111061300
111061598
111062576
111063431
111064646
111064947
111067227
111067869
111070359
111071053
111071367
111071651
111071701
111071916
111077680
111083707
111086095
111087638
111090539
111094366
111097826
111099727
111100591
111101609
111102900
111103627
111105072
111107201
111107695
111111105
111112088
111113607
